time,x,y,z,phi,theta,psi,x_velocity,y_velocity,z_velocity,phi_velocity,theta_velocity,psi_velocity,rotor_speed1,rotor_speed2,rotor_speed3,rotor_speed4
0.06,-9.820621967584602e-07,1.9039398837968541e-06,10.00524136938638,0.0011093487222364473,0.0006661745565645916,0.0,-7.73512031661471e-05,0.00014223785855971185,0.1747009434174862,0.04127190948343054,0.02716121434778431,0.0,458.71533411330665,460.8667075746713,458.55522443096675,461.8215626429155
0.12000000000000001,-2.9147308302911152e-05,4.860848973184061e-05,10.022453331506401,0.003260042519616313,0.001990485295843669,0.0,-0.001042531697110812,0.0016968717477162504,0.39897843444504055,0.021850317189799275,0.009208322824724051,0.0,475.7588546941772,474.38251734088885,475.17850227205344,473.6880387549787
0.18,-0.0001388109272921366,0.00022929345302763728,10.051277407310442,0.004411130534345276,0.002445338491584792,0.0,-0.0026690872887578767,0.0044634381832335075,0.5617570078260347,0.013235779249089134,0.0041092508546958775,0.0,456.81615956126313,456.40932734822377,456.8879521978254,456.20067182326096
0.23999999999999996,-0.000346479784316687,0.0005839159165785075,10.086377871000675,0.005156552445858331,0.0027700776500036994,0.0,-0.004280136071895014,0.007429670111486831,0.6082340985554398,0.010747998125228291,0.007898881656487354,0.0,419.8213752273562,420.14992329792705,419.95658248038825,419.7406598768061
0.3,-0.0006624616489524656,0.0011390365306341722,10.125946135523128,0.005740231210102031,0.0031104194770090743,0.0,-0.006294534368820775,0.011136999318514765,0.7106489757437343,0.00760564565560615,0.0007990673760719189,0.0,438.9237475219351,438.33412475811275,437.63987581042363,437.3781623581421
0.36000000000000004,-0.001096130773906266,0.0019118463383263576,10.168895714313992,0.005921152156189713,0.0030584014101515677,0.0,-0.008161107423351098,0.0146534141563895,0.7209968990050653,-0.008264786312418535,-0.004426895639678627,0.0,409.03818335865765,408.5726047555263,407.89982214904086,406.48023297814564
0.4200000000000001,-0.0016460182628615647,0.002907777949275156,10.214537074165035,0.0051792079531329804,0.0025380864175970075,0.0,-0.010131170896507145,0.018484341062815185,0.8003295718518169,-0.022181327020679924,-0.01891004465842464,0.0,430.5383067890142,429.31144542634286,432.34966608502924,431.175820332143
0.48000000000000015,-0.0022994818873372765,0.004112426256937772,10.264261521726349,0.0034095407660954535,0.0018615102930654714,0.0,-0.011567363300045312,0.021528811504351694,0.8571116695386767,-0.05107306662378128,0.0007650851971199215,0.0,422.5065255003444,424.19929956592244,425.1587493435581,422.6759486390975
0.5400000000000001,-0.003036228906298838,0.0054697262910948985,10.320897206765435,0.0007950544341728261,0.001579324866203713,0.0,-0.012980897956110739,0.023397094890162277,1.0306047909753953,-0.031707354235269006,-0.01884445133149252,0.0,461.15623774866873,459.60494092038164,459.63406378197135,461.164983951725
0.6000000000000002,-0.0038480122191553866,0.0068844533620799125,10.389160765938554,6.282296304185474,0.00034645161026780613,0.0,-0.013938070509020465,0.023548185413361872,1.2446391252729914,-0.021634698964543335,-0.024192825296824844,0.0,473.4219246380388,473.01031371235814,471.9320098388742,472.70857553872094
0.6600000000000003,-0.004686310539937287,0.008274285049929954,10.46662073268176,6.280581273690473,6.282452952017094,0.0,-0.0138798012804746,0.02263369043277158,1.337255588874828,-0.04848807455576771,-0.007795986410300697,0.0,435.40800908770075,436.7775173406612,437.2381894528168,434.9950938388073
0.7200000000000003,-0.005501348304556843,0.00955875924036032,10.552584307161903,6.277638267161919,6.282843777495689,0.0,-0.01329467571529552,0.019845130294155293,1.5279605748623102,-0.050198158077676115,0.025754099490259037,0.0,464.7423648853753,467.36435655496416,467.0915041841367,466.95677044861026
0.7800000000000004,-0.006297904891910249,0.010615340841871743,10.648625508446985,6.274923525283878,0.0013013099624767932,0.0,-0.013430663731396876,0.015065879516456607,1.6732095165565393,-0.036832295088811376,0.030449584411777024,0.0,452.65653838972753,453.03437569795045,453.2364472347589,454.30811274066326
0.8400000000000004,-0.007149419762617322,0.011280112835726832,10.758926857195199,6.272517382565351,0.0034558639219612886,0.0,-0.015225415715610409,0.00678516868179664,2.0029817046470573,-0.047608392264544615,0.04505001908883602,0.0,506.7245243937754,507.7733150864697,507.48875652032024,506.71410637127406
0.9000000000000005,-0.00815359778194914,0.01143025078546105,10.884386081744433,6.26942657346946,0.005918851768817568,0.0,-0.01854001217719435,-0.0021119133692824826,2.1786693573338143,-0.060762327034608626,0.03152805740960541,0.0,464.1594481406112,463.09789927470564,465.08613283088715,464.0531639610487
0.9600000000000005,-0.009404743530762776,0.01098434269950521,11.019561593114611,6.265815953696848,0.007369845959260601,0.0,-0.023353114144360657,-0.01314334534716545,2.326884064896418,-0.0590318011503616,0.0024488839035703633,0.0,457.8957326054605,455.57670905256344,456.14057386590247,456.2762827747683
1.0200000000000005,-0.010966131366302636,0.00980743993700957,11.163069289267503,6.2625107487460685,0.008080295048944919,0.0,-0.0287416629240638,-0.026444916951122076,2.4564291736324244,-0.0481807529976607,0.026001861374616984,0.0,450.7043906478913,452.6038347655066,450.6563056707646,451.5304902953952
1.0800000000000005,-0.01284005025719253,0.007842618491460774,11.310637689517288,6.259980779288917,0.009729350262364989,0.0,-0.0338637167097182,-0.03928567740860942,2.462497512342285,-0.032253950284076724,0.030294997946096237,0.0,412.00999986877895,412.3896357067402,411.3752297991734,412.78190874335274
1.1400000000000006,-0.01509651095145085,0.004962343269150206,11.462922790042931,6.2578585732642225,0.012330716997979607,0.0,-0.04159910189836194,-0.056936707779475404,2.613331355534927,-0.04247073857113288,0.06140665657436531,0.0,456.6511655023319,459.1270287832999,459.56116515258753,458.7501231000334
1.2000000000000006,-0.017873285463341573,0.0009911815327813339,11.623606665022352,6.255970152306524,0.016361643759461586,0.0,-0.0513683561901857,-0.07565675930928188,2.742484164617257,-0.015531109271376084,0.0767628168570906,0.0,452.0646279902671,453.3035195189498,451.45690865849673,453.62486486453196
1.2600000000000007,-0.021310010295915907,-0.004111035553405308,11.791043443755953,6.255073618771572,0.021573481448514897,0.0,-0.06368827139245518,-0.09450314612680426,2.838494997035608,-0.013789774209832652,0.10182206536258452,0.0,441.9583233896309,444.0249389060126,442.8563713565882,442.9996828810404
1.3200000000000007,-0.02570105721088209,-0.010489583142261323,11.968749974260938,6.253856723381826,0.02810571119637384,0.0,-0.08345020039556648,-0.11821690318216689,3.0844017633296468,-0.03824917140132895,0.12015576745264184,0.0,487.80124114136925,489.1774914123453,489.1845043020747,487.3597627245365
1.3800000000000008,-0.03120712671457109,-0.018086912347129315,12.153097276216736,6.251288888488354,0.03511082435625745,0.0,-0.10068311409683404,-0.13523053662387133,3.060545375164209,-0.05394263312687355,0.10889445198913862,0.0,405.61585546350653,404.616822301988,406.696015272441,405.2866301196729
1.4400000000000008,-0.038051924585397315,-0.026919146114340875,12.341172377984734,6.248126849040339,0.04112630173594223,0.0,-0.12815938344778982,-0.15951195515081398,3.2081800824748306,-0.05032657566086124,0.07110186287422035,0.0,462.2550181184212,459.27487994974626,460.629802315428,460.9139674101785
1.5000000000000009,-0.0467222497617173,-0.037322849007216816,12.539377567144067,6.244814155814536,0.04512147804454347,0.0,-0.1613070280016307,-0.18762006233736292,3.3980749023854986,-0.06740854689661552,0.05554280668301027,0.0,474.8616497490273,473.6695340464017,474.99966927305974,473.685919957495
1.560000000000001,-0.05727201872862568,-0.04932348593743164,12.744624645337433,6.241648094754758,0.04857378034402071,0.0,-0.19066446323834693,-0.21272459355353915,3.443323659950674,-0.0332300256857677,0.061255902085945356,0.0,430.55967455296695,431.0451611286004,429.461408886339,432.34849845208123
1.620000000000001,-0.0696811175328259,-0.06291021521864065,12.953209046282193,6.240170592371118,0.05181619028919826,0.0,-0.22330412309990894,-0.24032187142030492,3.509256632922511,-0.011391455240850518,0.03292880467541368,0.0,439.4449883542895,437.0923133860068,436.583184744589,438.40141926879016
1.680000000000001,-0.08428506489396655,-0.0783255498018704,13.16916916631855,6.239311235536265,0.053450102717448544,0.0,-0.2636741284340463,-0.27358513361801523,3.688826327858109,-0.020945369002385382,0.012290302023005711,0.0,473.7844556738206,472.19507470926646,473.89306537364695,473.1582055990205
1.740000000000001,-0.10128560132591034,-0.09571071540340995,13.394816087189522,6.2383730399570645,0.05421584079383468,0.0,-0.3030669682712068,-0.3060170930809956,3.832246337148706,-0.006708555735775239,0.013689958070431904,0.0,463.27649959432,463.38641765713857,463.41243704125077,464.53032200099807
1.8000000000000012,-0.12042510983506019,-0.11485961424747683,13.62461643876826,6.2379910998767105,0.05549149007659526,0.0,-0.3350116366209714,-0.33231486467856197,3.827763267116656,-0.005688540566100946,0.033222147355224954,0.0,416.79921831656435,418.5029545240506,417.7182682808524,417.80731719402695
1.8600000000000012,-0.14157536238567073,-0.1356477160789893,13.855353756950088,6.237779663107833,0.0579452034830128,0.0,-0.3701994327590608,-0.36064232933234974,3.8633357377638275,0.00048761150664244825,0.05298360919406619,0.0,430.53361888334064,432.2033822300887,430.24957835812944,430.77226571948984
1.9200000000000013,-0.16498278106046055,-0.1582128593610064,14.089860818446489,6.237890103981446,0.06098651169737046,0.0,-0.41034359741780974,-0.3915086151697669,3.9532264383954283,0.004418274006666103,0.04565199802213107,0.0,448.95490527248495,448.36120381589154,448.3039662642302,448.6232211445012
1.9800000000000013,-0.19082626345270984,-0.18260278732857554,14.329216960470944,6.238005708855999,0.06376480026181941,0.0,-0.45136129703381717,-0.4214594732701584,4.025029698398879,-0.0035913252295740094,0.04757907505889959,0.0,443.912551218462,444.0719364672775,443.52968589186787,442.8712919094424
2.0400000000000014,-0.2189937557757354,-0.20865382738606778,14.569880602442057,6.23786318093979,0.06686570491437926,0.0,-0.4878111130340849,-0.44692893367857883,3.9971582292062138,-4.820126639599022e-05,0.05882954059011645,0.0,411.569252142612,412.56581644415627,410.86151837222917,411.175609540451
2.1000000000000014,-0.24946910107298617,-0.23627962374901493,14.80984708762022,6.237819943145613,0.07049042473340883,0.0,-0.5283485888974669,-0.47393339945315394,4.001669995193777,-0.0021007082415093513,0.06340136449881603,0.0,422.03008614815485,422.4273376796043,422.44221049209,422.2651878515682
2.1600000000000015,-0.28262794654418855,-0.2656450480592244,15.052672603527506,6.237641335678333,0.0745585163780147,0.0,-0.5773218301783849,-0.5049156394789279,4.0921421946810135,-0.004789316458793216,0.07539839377842712,0.0,449.4968980954116,450.4714994092936,450.2365763819317,450.0190429672604
2.2200000000000015,-0.3188797544716006,-0.2969149954125309,15.301820794979985,6.23745808952701,0.07948142434098138,0.0,-0.6315382923699814,-0.5374209608065925,4.2122954409137305,0.00020840816699507444,0.09281383379117393,0.0,459.0311569052096,460.4163094932026,460.0656299772694,460.46125770179725
2.2800000000000016,-0.3583631916654962,-0.3300639622551391,15.556554406129344,6.237945497980364,0.08512220585118335,0.0,-0.6851010860171627,-0.567506459558436,4.2785071738927325,0.020517030049861478,0.09630793390553678,0.0,443.94035793642723,444.2344836061202,443.69142760135253,445.3557099914195
2.3400000000000016,-0.4013025474691066,-0.3650726945010488,15.81675466760666,6.239235806378309,0.09077702415249966,0.0,-0.7467704538986368,-0.5993010905733877,4.3943165066305,0.023411365648093978,0.08977233684878731,0.0,460.7006409860608,460.1907263077031,460.19221072226384,460.4212633479392
2.4000000000000017,-0.4480181822206205,-0.40193979587318895,16.0834287668926,6.241705318180241,0.09620097787655446,0.0,-0.8109342436465893,-0.6293764241744871,4.494354555405244,0.06335253634234413,0.0916235766845705,0.0,456.8521623635072,457.00635586585923,454.69456813792965,457.88420044607784
2.4600000000000017,-0.4986461319552988,-0.4405324828974555,16.35557506364568,6.245428080171536,0.10150052014406707,0.0,-0.8771716684750498,-0.6566632585769696,4.576789555017493,0.059297218673958776,0.08074959977237241,0.0,452.6793269043339,451.8096614475521,452.16678422059255,451.8426267122113
2.520000000000002,-0.5532664473365559,-0.48065791372314154,16.63180969502162,6.248715007090272,0.10626770136155272,0.0,-0.94394374490243,-0.680519981711954,4.630743646122827,0.04373871475701668,0.0767266412457903,0.0,443.83726832439385,443.5120009763642,444.9999157036568,443.72631472738493
2.580000000000002,-0.6125535376941162,-0.5223339617154105,16.916546298490278,6.252017681127471,0.11134696109778552,0.0,-1.0327824919897195,-0.7082869857928383,4.859426622024608,0.07131319910824183,0.09705671996128898,0.0,495.67322845346996,497.1700830954515,496.398946623356,498.4200575568339
2.640000000000002,-0.6769063519887211,-0.5654824783154957,17.211489697192356,6.256903294228213,0.11708956381385516,0.0,-1.112859356888376,-0.7295075552263343,4.9714373079098895,0.09639959910388159,0.09287293842823979,0.0,464.861200684481,464.5405593981981,463.94565733989066,465.9162299636789
2.700000000000002,-0.745643743612256,-0.609683062399059,17.50858101299471,6.262543448526596,0.12236350239777494,0.0,-1.1788560505202472,-0.7433932276034501,4.931704136743711,0.0887209981603257,0.07542092943182441,0.0,418.42507627468274,416.90957795815626,417.7447795494465,417.08265967068763
2.760000000000002,-0.8187812857325796,-0.6546821485415258,17.806140549560624,6.268819530240144,0.12724000616484865,0.0,-1.2594886395201992,-0.7560173644924553,4.986619663621895,0.12523305863583148,0.09096371167141018,0.0,448.11889353342735,449.38591935618336,446.1298319449579,449.1103880645622
2.820000000000002,-0.8971331362169006,-0.7003407277677046,18.109132052691137,6.276634826665109,0.13241830589862502,0.0,-1.3527386464959283,-0.7651276388306454,5.112427061627542,0.1387635326992853,0.07482395598270468,0.0,471.54406902556957,470.30105753433423,469.8810569729683,470.94335126506445
2.880000000000002,-0.9810524631036109,-0.7463729339284012,18.418622175677307,0.0015687896103635524,0.13790214569625903,0.0,-1.4450386870872747,-0.7684621633504213,5.203384345374454,0.12736146300932627,0.11262144605234865,0.0,460.0487951505459,463.03848491883895,461.82080253157915,460.93653984071665
2.940000000000002,-1.0708050108351717,-0.7924411388733762,18.73479162347116,0.008844533758122886,0.14474882186180338,0.0,-1.5473571594567719,-0.7663599132514357,5.33481742327534,0.10485926290195134,0.11693333948434108,0.0,475.3900143894522,475.731001697611,474.92353521871325,473.20623143284536
3.000000000000002,-1.1663876352333458,-0.8382651411222136,19.055691867751257,0.014930247060032542,0.15173616249013833,0.0,-1.6393550349411332,-0.7605541340715263,5.361561631217442,0.0934975068677001,0.11548375440765324,0.0,444.1798429179363,444.07307865542276,444.67314148184886,443.750127454757
3.0600000000000023,-1.2678421537621711,-0.883610010418524,19.379602843768136,0.020325629051972882,0.15862878187754959,0.0,-1.7430902733439997,-0.7504170270308106,5.434921758443114,0.08160007996435603,0.11363615710722061,0.0,459.3769580611919,459.2417121214448,460.04279983337375,459.10604313092034
3.1200000000000023,-1.3749227095957814,-0.9283409346039689,19.703313451499493,0.025190394244617664,0.16555442889637817,0.0,-1.8268495567171041,-0.7402459248969876,5.35563979569918,0.08001790729597551,0.1187858201020191,0.0,411.2709620946655,411.73996511801425,410.20459875615734,410.069956132473
3.1800000000000024,-1.4880713957782574,-0.9722444602785469,20.027777502331453,0.030286073551937243,0.17274649122986396,0.0,-1.94542736245348,-0.7227201640187771,5.459082755013314,0.09327726971968348,0.12194619809282169,0.0,469.980583933858,470.237586572057,468.26993276237425,469.30585258583386
3.2400000000000024,-1.6077754188733584,-1.015116691597182,20.35435780002487,0.035982613237057315,0.18048190888497206,0.0,-2.0453634773787934,-0.7058953599142933,5.42685181140523,0.09807797467206046,0.14011491517650304,0.0,426.9127051287518,428.4761416914936,428.06062475802327,428.4770549131916
3.3000000000000025,-1.7334504777506932,-1.0569180781288092,20.67809594469015,0.04164991081992131,0.18883359689107504,0.0,-2.1445196172343093,-0.6870344076034167,5.364464815403711,0.08599913575373998,0.1372902476268555,0.0,418.3333621379108,418.10659038866334,418.3455714864282,417.30041648984525
3.3600000000000025,-1.8653351294355078,-1.0974748300316357,20.99870026966026,0.046864224403334376,0.19729745331994675,0.0,-2.252356471920183,-0.6644415874360399,5.3222626326901805,0.08865731373819494,0.147701039732545,0.0,424.48369285225465,425.3957376651568,424.526335294977,424.7610315589817
3.4200000000000026,-2.0042063955125236,-1.1365040813792602,21.318570802826038,0.05206932440410483,0.20634494592593633,0.0,-2.377474707597547,-0.6360810761794433,5.339655610936125,0.08264151223935366,0.15634299278047883,0.0,444.7119113505292,445.4406337824865,444.4637980637101,443.9766116359868
3.4800000000000026,-2.1507595589873487,-1.1737397705876527,21.63945014314001,0.056929968541577836,0.21630293207577367,0.0,-2.5084821532685666,-0.6046913468871378,5.355847537518117,0.07753392392107583,0.18037751301641927,0.0,444.30625467695995,446.29845408451337,445.37384870896113,444.96110863266546
3.5400000000000027,-2.3051402019932232,-1.2090655242619834,21.96023929872487,0.0616160995241275,0.2276241118590301,0.0,-2.6384883807439534,-0.5724562430532842,5.336771301109482,0.07921448901693452,0.20154707580551257,0.0,434.09028611115576,435.8983919174608,434.5409180036696,434.6868087901209
3.6000000000000028,-2.467574204444864,-1.2423662521728853,22.280037220771767,0.06600377214111397,0.24027618843762166,0.0,-2.777034083428827,-0.5371984777817514,5.3227071405924375,0.05676181651328863,0.22492687648670712,0.0,437.0434341622939,439.0319474985842,437.5253006643853,435.65570449072163
3.660000000000003,-2.6388947124874838,-1.2733900921382326,22.600316365620998,0.06967879561735035,0.25408703317810044,0.0,-2.9348344224733105,-0.49664809821107564,5.352486928182576,0.06897988643409839,0.23901594380275384,0.0,452.16161066730183,453.34675591559835,452.05469610937274,453.0409159468355
3.720000000000003,-2.819625549695184,-1.3020010467202479,22.921074420586542,0.07374269115029364,0.26796444465508173,0.0,-3.090716477828096,-0.4567354688696643,5.338848069842246,0.06511162378776589,0.20771440257986276,0.0,440.3293675805196,437.7845839319344,441.6306261801489,441.31485659629965
3.780000000000003,-3.0095569049670727,-1.3282575564112855,23.239519327201712,0.07761328308565929,0.2805119693559561,0.0,-3.2413593262921485,-0.41819320014327477,5.275668214549206,0.06327895151932028,0.21180326850362916,0.0,424.4420424623241,424.8381365234359,425.191721723847,425.037908792018
3.840000000000003,-3.209719238032413,-1.351879303601239,23.557477679297254,0.08169065057578972,0.29313778026517756,0.0,-3.4317980614830597,-0.3688958418742433,5.321940763530897,0.07596505242438949,0.2075374278483417,0.0,462.0624565129043,461.76774845400524,461.22502244397856,462.22928864178766
3.900000000000003,-3.4221566206197953,-1.3723055811428297,23.880079003807932,0.08696310820783015,0.3050914555140416,0.0,-3.650494048258369,-0.31157478928202254,5.430007260260435,0.10476706888196931,0.17230068075212862,0.0,484.42413312646306,481.80096164681646,482.21682042076077,484.3934629823388
3.960000000000003,-3.6463174560739007,-1.3896422070346306,24.203869796016704,0.09311731084412767,0.3155884498625632,0.0,-3.822415398621819,-0.26585613188816104,5.362646348921584,0.09777207712696544,0.1797754419707584,0.0,429.616649947105,430.2806219400354,429.17359090349265,428.5888600294253
4.020000000000002,-3.8813987727350776,-1.4040242666940268,24.524824982999974,0.09936308019282514,0.32676576574788463,0.0,-4.014542269455376,-0.21309467192619802,5.3351736621075245,0.11442431427069152,0.19686371553749546,0.0,443.7267690650615,445.1610355797078,442.65591658610975,444.033763994876
4.080000000000001,-4.128563101600586,-1.4150361088894432,24.845053296228023,0.10713257312350422,0.33823619118661785,0.0,-4.2252226364692795,-0.1534030706499108,5.338135147415209,0.14940496168894044,0.17628766070455443,0.0,456.7249758442683,455.11481082091115,453.87767176681126,456.69119902663203
4.14,-4.387600478664529,-1.4226335873712912,25.162584765301588,0.1164845864975037,0.3482899893594533,0.0,-4.4102491072441765,-0.09920212925689761,5.2458533596496295,0.16637599275990272,0.1378152525523806,0.0,426.28486788012196,423.0107845061865,425.4024502905987,426.87739450153583
4.199999999999998,-4.659648737494127,-1.4262807338679215,25.479236164244146,0.1266513614486593,0.35662435712262486,0.0,-4.658653288923164,-0.021541070645062953,5.3078498437886665,0.17496405954116348,0.14100089340425853,0.0,477.5296421185003,477.78905379794793,477.40014026240453,478.0803521394674
4.259999999999997,-4.945038919360321,-1.4256773265227156,25.794855395371673,0.13786041561252116,0.36488170375376683,0.0,-4.8551193827805434,0.04241615262837377,5.212372136241804,0.2036415390086074,0.12983499994814218,0.0,428.6806830628298,427.7488295424601,426.85540871251527,429.3307337619539
4.319999999999996,-5.242879405279115,-1.420889256547396,26.10597459445648,0.14982829111294116,0.3723583888807953,0.0,-5.073578105964028,0.11806519583296075,5.157545560358512,0.18944773086729277,0.11132000084650515,0.0,443.9478868210558,442.4396804065326,444.07724719675025,442.95001451441516
4.379999999999995,-5.555040118252751,-1.410972276284088,26.416382574416737,0.16163860735843727,0.37883026818632004,0.0,-5.332271205097312,0.21339959604611747,5.188096685854621,0.20855647287982115,0.09986754246457069,0.0,473.92960919893386,473.0577371720752,472.56610339950413,474.07196138536654
4.439999999999993,-5.882657552578754,-1.395214116377214,26.727962327437456,0.17424116711348603,0.3855146044881481,0.0,-5.588809496934454,0.3128164405207201,5.196666307258729,0.21285590855365882,0.1279114861154555,0.0,467.82843066791025,470.01734366676925,469.08911025220914,469.4637925846501
4.499999999999992,-6.226236454584786,-1.3731032676976118,27.040910150239572,0.18702512763504675,0.39324253204686777,0.0,-5.864364549384838,0.4251568254780135,5.233344660064255,0.2134821884149358,0.13051509524030136,0.0,480.85262195775795,481.0636443066946,481.084805930035,481.1732165124899
4.559999999999991,-6.584568401551029,-1.3449178928083199,27.35127691521558,0.19991101774336872,0.40121509230364705,0.0,-6.080803966664151,0.5151756213219901,5.111637819167651,0.2172098032834455,0.13721848025081587,0.0,430.12519095901865,430.70951477365657,431.005366405554,431.36744183418847
4.6199999999999894,-6.957421761062161,-1.3105168255417496,27.657385091902032,0.21275981719385229,0.410062733966468,0.0,-6.34829981152054,0.632378802287052,5.0905511608283325,0.20719698023584426,0.1625692744819419,0.0,465.2843671896966,467.28412852928113,468.5740197064772,467.8374128896383
4.679999999999988,-7.347430768120281,-1.2684459576923108,27.964095237464946,0.22560059767462448,0.4197304235916812,0.0,-6.652622141017827,0.7707806755707944,5.131074537124207,0.22498647800773855,0.15808214273981883,0.0,491.72036858993897,491.4097185333929,489.2144060192653,490.5777006879716
4.739999999999987,-7.754870557146604,-1.2183868473156891,28.270750979097635,0.23864715349767618,0.4297426008909335,0.0,-6.929418338441021,0.8986392204803905,5.089214771433342,0.1947958266325008,0.18030768594486551,0.0,467.24795943463243,469.0025708783938,469.24838772586304,466.9414346668862
4.799999999999986,-8.178784797301605,-1.1606574075438048,28.573976656579212,0.2514770332098193,0.44042635649713713,0.0,-7.201844602246242,1.0263225321480025,5.016815791838701,0.2370054596416648,0.17315293325577596,0.0,460.91674098511066,460.38011596791694,460.3570796870236,463.7270623840667
4.859999999999984,-8.619023153166808,-1.0952214656070651,28.872186686122703,0.2654188295078219,0.45099176345942826,0.0,-7.473550529063302,1.1556051147303077,4.9220672377019525,0.22095251285045234,0.1813908592839583,0.0,456.61380290126704,457.2995745855708,457.8718645252396,456.64441543427563
4.919999999999983,-9.077924716746141,-1.020692807144247,29.168775835036307,0.27861520058373657,0.46162797968927727,0.0,-7.8236808244413005,1.3292688427262092,4.961544169386063,0.2178364771177612,0.16741514979300418,0.0,506.9124918871355,505.9328800853422,505.30805453022066,505.1248146826835
4.979999999999982,-9.556397698338529,-0.9364820278907139,29.464242117872924,0.2920767542877769,0.4718395689855388,0.0,-8.12606603502106,1.4783163625641518,4.885484075262434,0.23494415581197922,0.17523251196872128,0.0,472.665278494341,473.29332647485654,472.6122659730296,473.97559240374324
5.0399999999999805,-10.051558119198996,-0.84411394217567,29.75180223226694,0.30586098480250357,0.482001801521295,0.0,-8.380150846588771,1.6012025369554106,4.698790182956059,0.21651769127260803,0.15386016673450728,0.0,438.11922246804164,436.365630016929,438.49640937870805,437.01547647740176
